# amplicon position	effect
1	2.240000000000000000e+02
2	5.100000000000000000e+01
3	2.600000000000000000e+01
4	1.400000000000000000e+02
5	3.200000000000000000e+01
6	1.043000000000000000e+03
7	6.200000000000000000e+01
8	2.800000000000000000e+01
9	2.700000000000000000e+01
10	7.700000000000000000e+01
11	1.130000000000000000e+02
12	1.600000000000000000e+01
13	1.800000000000000000e+01
14	1.050000000000000000e+02
15	2.100000000000000000e+01
16	1.800000000000000000e+01
17	4.100000000000000000e+01
18	3.600000000000000000e+01
19	3.000000000000000000e+01
20	1.000000000000000000e+01
21	0.000000000000000000e+00
22	0.000000000000000000e+00
23	1.000000000000000000e+00
24	1.000000000000000000e+00
25	0.000000000000000000e+00
26	1.000000000000000000e+00
27	0.000000000000000000e+00
28	0.000000000000000000e+00
29	0.000000000000000000e+00
30	7.000000000000000000e+00
31	0.000000000000000000e+00
32	0.000000000000000000e+00
33	0.000000000000000000e+00
34	6.000000000000000000e+00
35	0.000000000000000000e+00
36	0.000000000000000000e+00
37	0.000000000000000000e+00
38	0.000000000000000000e+00
39	0.000000000000000000e+00
40	0.000000000000000000e+00
41	0.000000000000000000e+00
42	1.000000000000000000e+00
43	3.000000000000000000e+00
44	0.000000000000000000e+00
45	0.000000000000000000e+00
46	1.600000000000000000e+01
47	0.000000000000000000e+00
48	0.000000000000000000e+00
49	0.000000000000000000e+00
50	0.000000000000000000e+00
51	0.000000000000000000e+00
52	0.000000000000000000e+00
53	0.000000000000000000e+00
54	1.000000000000000000e+00
55	5.000000000000000000e+00
56	5.000000000000000000e+00
57	0.000000000000000000e+00
58	1.000000000000000000e+00
59	2.000000000000000000e+00
60	3.000000000000000000e+00
61	0.000000000000000000e+00
62	0.000000000000000000e+00
63	0.000000000000000000e+00
64	0.000000000000000000e+00
65	2.400000000000000000e+01
66	0.000000000000000000e+00
67	0.000000000000000000e+00
68	0.000000000000000000e+00
69	0.000000000000000000e+00
70	0.000000000000000000e+00
71	2.000000000000000000e+00
72	4.000000000000000000e+00
73	0.000000000000000000e+00
74	1.000000000000000000e+00
75	0.000000000000000000e+00
76	2.000000000000000000e+00
77	1.000000000000000000e+00
78	0.000000000000000000e+00
79	0.000000000000000000e+00
80	0.000000000000000000e+00
81	0.000000000000000000e+00
82	0.000000000000000000e+00
83	0.000000000000000000e+00
84	1.000000000000000000e+00
85	0.000000000000000000e+00
86	1.000000000000000000e+00
87	0.000000000000000000e+00
88	0.000000000000000000e+00
89	0.000000000000000000e+00
90	0.000000000000000000e+00
91	4.000000000000000000e+00
92	1.000000000000000000e+00
93	3.000000000000000000e+00
94	0.000000000000000000e+00
95	1.000000000000000000e+00
96	1.000000000000000000e+00
97	0.000000000000000000e+00
98	0.000000000000000000e+00
99	0.000000000000000000e+00
100	0.000000000000000000e+00
101	3.400000000000000000e+01
102	0.000000000000000000e+00
103	2.000000000000000000e+00
104	0.000000000000000000e+00
105	5.000000000000000000e+00
106	1.000000000000000000e+00
107	1.000000000000000000e+00
108	1.000000000000000000e+00
109	0.000000000000000000e+00
110	1.000000000000000000e+00
111	0.000000000000000000e+00
112	5.900000000000000000e+01
113	0.000000000000000000e+00
114	8.200000000000000000e+01
115	3.000000000000000000e+00
116	1.000000000000000000e+00
117	1.000000000000000000e+00
118	1.000000000000000000e+00
119	1.000000000000000000e+00
120	1.000000000000000000e+00
121	1.000000000000000000e+00
122	1.000000000000000000e+00
123	2.000000000000000000e+00
124	4.000000000000000000e+00
125	0.000000000000000000e+00
126	1.000000000000000000e+00
127	2.000000000000000000e+00
128	2.000000000000000000e+00
129	1.000000000000000000e+00
130	9.700000000000000000e+01
131	1.200000000000000000e+01
132	1.100000000000000000e+01
133	1.000000000000000000e+01
134	1.300000000000000000e+01
135	1.300000000000000000e+01
136	1.500000000000000000e+01
137	1.000000000000000000e+01
138	1.300000000000000000e+01
139	4.500000000000000000e+01
140	5.300000000000000000e+01
141	4.100000000000000000e+01
142	4.100000000000000000e+01
143	4.100000000000000000e+01
144	1.060000000000000000e+02
145	5.000000000000000000e+01
146	4.900000000000000000e+01
147	4.700000000000000000e+01
148	6.600000000000000000e+01
149	6.700000000000000000e+01
150	1.110000000000000000e+02
151	1.620000000000000000e+02
152	1.720000000000000000e+02
153	1.950000000000000000e+02
154	1.950000000000000000e+02
155	1.950000000000000000e+02
156	4.090000000000000000e+02
157	4.410000000000000000e+02
158	4.780000000000000000e+02
159	4.820000000000000000e+02
160	5.160000000000000000e+02
161	5.620000000000000000e+02
162	5.940000000000000000e+02
163	7.400000000000000000e+02
164	8.600000000000000000e+02
165	1.524000000000000000e+03
166	1.690000000000000000e+03
167	1.877000000000000000e+03
168	2.207000000000000000e+03
169	3.131000000000000000e+03
170	3.799000000000000000e+03
171	5.002000000000000000e+03
172	5.755000000000000000e+03
173	6.376000000000000000e+03
174	1.064400000000000000e+04
175	1.225400000000000000e+04
176	1.427600000000000000e+04
177	2.649200000000000000e+04
178	2.713000000000000000e+04
179	2.737900000000000000e+04
180	2.890800000000000000e+04
181	3.559400000000000000e+04
182	3.693800000000000000e+04
183	3.818900000000000000e+04
184	4.211300000000000000e+04
185	1.245050000000000000e+05
186	3.967700000000000000e+04
187	3.346600000000000000e+04
188	3.039600000000000000e+04
189	1.992100000000000000e+04
190	1.797800000000000000e+04
191	1.696600000000000000e+04
192	1.465600000000000000e+04
193	1.270700000000000000e+04
194	1.209100000000000000e+04
195	8.998000000000000000e+03
196	9.160000000000000000e+03
197	7.310000000000000000e+03
198	5.737000000000000000e+03
199	4.734000000000000000e+03
200	3.629000000000000000e+03
201	3.198000000000000000e+03
202	2.353000000000000000e+03
203	2.036000000000000000e+03
204	1.895000000000000000e+03
205	1.693000000000000000e+03
206	1.500000000000000000e+03
207	1.183000000000000000e+03
208	1.027000000000000000e+03
209	1.010000000000000000e+03
210	9.300000000000000000e+02
211	8.580000000000000000e+02
212	8.350000000000000000e+02
213	8.060000000000000000e+02
214	7.360000000000000000e+02
215	7.960000000000000000e+02
216	7.520000000000000000e+02
217	7.360000000000000000e+02
218	7.650000000000000000e+02
219	7.400000000000000000e+02
220	5.880000000000000000e+02
221	6.120000000000000000e+02
222	6.940000000000000000e+02
223	6.950000000000000000e+02
224	6.800000000000000000e+02
225	7.560000000000000000e+02
226	8.170000000000000000e+02
227	8.020000000000000000e+02
228	7.390000000000000000e+02
229	7.440000000000000000e+02
230	7.430000000000000000e+02
231	7.360000000000000000e+02
232	8.510000000000000000e+02
233	8.820000000000000000e+02
234	8.240000000000000000e+02
235	8.310000000000000000e+02
236	8.610000000000000000e+02
237	9.230000000000000000e+02
238	9.370000000000000000e+02
239	1.002000000000000000e+03
240	1.007000000000000000e+03
241	1.049000000000000000e+03
242	1.202000000000000000e+03
243	1.278000000000000000e+03
244	1.721000000000000000e+03
245	1.710000000000000000e+03
246	2.297000000000000000e+03
247	3.938000000000000000e+03
