# amplicon position	effect
1	1.829419755482243337e-01
2	0.000000000000000000e+00
3	3.035714285714285476e-01
4	3.035714285714285476e-01
5	4.000000000000000222e-01
6	4.000000000000000222e-01
7	0.000000000000000000e+00
8	0.000000000000000000e+00
9	6.250000000000000000e-01
10	3.482142857142856984e-01
11	3.269230769230769273e-01
12	0.000000000000000000e+00
13	3.650793650793650591e-01
14	3.709677419354838745e-01
15	0.000000000000000000e+00
16	1.699999999999999956e+00
17	9.230769230769231282e-01
18	3.636363636363636465e-01
19	3.548387096774193727e-01
20	0.000000000000000000e+00
21	0.000000000000000000e+00
22	0.000000000000000000e+00
23	0.000000000000000000e+00
24	0.000000000000000000e+00
25	0.000000000000000000e+00
26	0.000000000000000000e+00
27	0.000000000000000000e+00
28	0.000000000000000000e+00
29	0.000000000000000000e+00
30	0.000000000000000000e+00
31	0.000000000000000000e+00
32	0.000000000000000000e+00
33	0.000000000000000000e+00
34	0.000000000000000000e+00
35	0.000000000000000000e+00
36	0.000000000000000000e+00
37	0.000000000000000000e+00
38	0.000000000000000000e+00
39	0.000000000000000000e+00
40	0.000000000000000000e+00
41	0.000000000000000000e+00
42	0.000000000000000000e+00
43	0.000000000000000000e+00
44	0.000000000000000000e+00
45	1.000000000000000000e+00
46	1.000000000000000000e+00
47	0.000000000000000000e+00
48	0.000000000000000000e+00
49	0.000000000000000000e+00
50	0.000000000000000000e+00
51	0.000000000000000000e+00
52	0.000000000000000000e+00
53	0.000000000000000000e+00
54	0.000000000000000000e+00
55	0.000000000000000000e+00
56	0.000000000000000000e+00
57	0.000000000000000000e+00
58	0.000000000000000000e+00
59	0.000000000000000000e+00
60	0.000000000000000000e+00
61	0.000000000000000000e+00
62	0.000000000000000000e+00
63	0.000000000000000000e+00
64	0.000000000000000000e+00
65	0.000000000000000000e+00
66	0.000000000000000000e+00
67	0.000000000000000000e+00
68	0.000000000000000000e+00
69	0.000000000000000000e+00
70	0.000000000000000000e+00
71	0.000000000000000000e+00
72	0.000000000000000000e+00
73	0.000000000000000000e+00
74	0.000000000000000000e+00
75	0.000000000000000000e+00
76	0.000000000000000000e+00
77	0.000000000000000000e+00
78	0.000000000000000000e+00
79	0.000000000000000000e+00
80	0.000000000000000000e+00
81	0.000000000000000000e+00
82	0.000000000000000000e+00
83	0.000000000000000000e+00
84	0.000000000000000000e+00
85	0.000000000000000000e+00
86	0.000000000000000000e+00
87	0.000000000000000000e+00
88	0.000000000000000000e+00
89	0.000000000000000000e+00
90	0.000000000000000000e+00
91	0.000000000000000000e+00
92	0.000000000000000000e+00
93	0.000000000000000000e+00
94	0.000000000000000000e+00
95	0.000000000000000000e+00
96	0.000000000000000000e+00
97	0.000000000000000000e+00
98	0.000000000000000000e+00
99	0.000000000000000000e+00
100	0.000000000000000000e+00
101	0.000000000000000000e+00
102	0.000000000000000000e+00
103	0.000000000000000000e+00
104	0.000000000000000000e+00
105	0.000000000000000000e+00
106	0.000000000000000000e+00
107	0.000000000000000000e+00
108	0.000000000000000000e+00
109	0.000000000000000000e+00
110	0.000000000000000000e+00
111	0.000000000000000000e+00
112	0.000000000000000000e+00
113	0.000000000000000000e+00
114	0.000000000000000000e+00
115	0.000000000000000000e+00
116	0.000000000000000000e+00
117	0.000000000000000000e+00
118	0.000000000000000000e+00
119	0.000000000000000000e+00
120	0.000000000000000000e+00
121	0.000000000000000000e+00
122	0.000000000000000000e+00
123	6.333333333333333037e+00
124	6.333333333333333037e+00
125	0.000000000000000000e+00
126	1.000000000000000000e+00
127	1.000000000000000000e+00
128	0.000000000000000000e+00
129	0.000000000000000000e+00
130	0.000000000000000000e+00
131	0.000000000000000000e+00
132	0.000000000000000000e+00
133	0.000000000000000000e+00
134	0.000000000000000000e+00
135	0.000000000000000000e+00
136	0.000000000000000000e+00
137	0.000000000000000000e+00
138	0.000000000000000000e+00
139	0.000000000000000000e+00
140	0.000000000000000000e+00
141	0.000000000000000000e+00
142	0.000000000000000000e+00
143	5.000000000000000000e+00
144	5.000000000000000000e+00
145	1.000000000000000000e+00
146	1.000000000000000000e+00
147	0.000000000000000000e+00
148	0.000000000000000000e+00
149	0.000000000000000000e+00
150	0.000000000000000000e+00
151	0.000000000000000000e+00
152	0.000000000000000000e+00
153	0.000000000000000000e+00
154	0.000000000000000000e+00
155	7.636363636363636687e+00
156	8.400000000000000355e+00
157	0.000000000000000000e+00
158	7.000000000000000000e+00
159	7.000000000000000000e+00
160	1.000000000000000000e+00
161	5.571428571428571175e+00
162	6.380530973451327803e+00
163	8.333333333333333703e-01
164	8.333333333333333703e-01
165	1.200000000000000000e+01
166	1.200000000000000000e+01
167	0.000000000000000000e+00
168	2.836538461538461675e+00
169	3.137931034482758452e+00
170	1.367521367521367548e+00
171	1.165354330708661346e+00
172	1.662921348314606806e+00
173	2.152173913043478048e+00
174	2.152173913043478048e+00
175	1.000000000000000000e+00
176	9.242857142857141994e+00
177	4.146226415094339757e+00
178	2.730072463768115743e+00
179	1.028519580869870609e+00
180	1.026919113858835608e+00
181	1.337187172899419574e+00
182	1.339200534249189056e+00
183	2.835249042145593812e+00
184	1.648814504881450427e+00
185	2.374749659536970370e+00
186	2.818027380833416640e+00
187	5.868719611021069760e+00
188	4.947368421052631859e+00
189	2.684210526315789380e+00
190	6.799999999999999822e+00
191	1.049264705882352899e+01
192	1.035185185185185119e+01
193	8.826086956521738358e+00
194	1.000000000000000000e+00
195	4.545454545454545581e-02
196	3.396551724137931050e+00
197	1.990566037735848948e+00
198	4.021897810218978186e+00
199	7.549295774647887036e+00
200	0.000000000000000000e+00
201	0.000000000000000000e+00
202	5.625000000000000000e-01
203	4.186046511627907196e-01
204	0.000000000000000000e+00
205	0.000000000000000000e+00
206	0.000000000000000000e+00
207	0.000000000000000000e+00
208	0.000000000000000000e+00
209	0.000000000000000000e+00
210	2.900000000000000000e+01
211	9.666666666666666075e+00
212	0.000000000000000000e+00
213	0.000000000000000000e+00
214	0.000000000000000000e+00
215	0.000000000000000000e+00
216	0.000000000000000000e+00
217	0.000000000000000000e+00
218	0.000000000000000000e+00
219	1.312500000000000000e+00
220	8.399999999999999689e-01
221	0.000000000000000000e+00
222	0.000000000000000000e+00
223	0.000000000000000000e+00
224	3.500000000000000000e+00
225	5.250000000000000000e+00
226	9.545454545454544970e+00
227	1.076923076923077005e+01
228	2.978723404255319007e+00
229	2.916666666666666519e+00
230	0.000000000000000000e+00
231	0.000000000000000000e+00
232	1.000000000000000000e+00
233	8.076923076923077094e-01
234	0.000000000000000000e+00
235	4.852941176470587870e+00
236	4.852941176470587870e+00
237	8.888888888888888395e-01
238	1.043243243243243157e+01
239	2.930232558139534760e+00
240	6.201550387596899139e-01
241	4.225806451612903025e+00
242	1.307692307692307709e+00
243	0.000000000000000000e+00
244	0.000000000000000000e+00
245	0.000000000000000000e+00
246	0.000000000000000000e+00
247	1.829419755482243337e-01
