# amplicon position	effect
1	1.248390000000000000e+05
2	0.000000000000000000e+00
3	3.700000000000000000e+01
4	3.700000000000000000e+01
5	7.400000000000000000e+01
6	7.400000000000000000e+01
7	0.000000000000000000e+00
8	0.000000000000000000e+00
9	8.000000000000000000e+00
10	1.140000000000000000e+02
11	1.060000000000000000e+02
12	0.000000000000000000e+00
13	6.600000000000000000e+01
14	6.600000000000000000e+01
15	0.000000000000000000e+00
16	9.000000000000000000e+00
17	2.500000000000000000e+01
18	1.210000000000000000e+02
19	1.050000000000000000e+02
20	1.000000000000000000e+00
21	1.000000000000000000e+00
22	0.000000000000000000e+00
23	0.000000000000000000e+00
24	0.000000000000000000e+00
25	0.000000000000000000e+00
26	0.000000000000000000e+00
27	0.000000000000000000e+00
28	0.000000000000000000e+00
29	0.000000000000000000e+00
30	0.000000000000000000e+00
31	0.000000000000000000e+00
32	0.000000000000000000e+00
33	0.000000000000000000e+00
34	0.000000000000000000e+00
35	0.000000000000000000e+00
36	0.000000000000000000e+00
37	0.000000000000000000e+00
38	0.000000000000000000e+00
39	0.000000000000000000e+00
40	0.000000000000000000e+00
41	0.000000000000000000e+00
42	0.000000000000000000e+00
43	0.000000000000000000e+00
44	0.000000000000000000e+00
45	0.000000000000000000e+00
46	0.000000000000000000e+00
47	0.000000000000000000e+00
48	0.000000000000000000e+00
49	0.000000000000000000e+00
50	0.000000000000000000e+00
51	0.000000000000000000e+00
52	0.000000000000000000e+00
53	0.000000000000000000e+00
54	0.000000000000000000e+00
55	0.000000000000000000e+00
56	0.000000000000000000e+00
57	0.000000000000000000e+00
58	0.000000000000000000e+00
59	0.000000000000000000e+00
60	0.000000000000000000e+00
61	0.000000000000000000e+00
62	0.000000000000000000e+00
63	0.000000000000000000e+00
64	0.000000000000000000e+00
65	0.000000000000000000e+00
66	0.000000000000000000e+00
67	0.000000000000000000e+00
68	0.000000000000000000e+00
69	0.000000000000000000e+00
70	0.000000000000000000e+00
71	0.000000000000000000e+00
72	0.000000000000000000e+00
73	0.000000000000000000e+00
74	0.000000000000000000e+00
75	0.000000000000000000e+00
76	0.000000000000000000e+00
77	0.000000000000000000e+00
78	0.000000000000000000e+00
79	0.000000000000000000e+00
80	0.000000000000000000e+00
81	0.000000000000000000e+00
82	0.000000000000000000e+00
83	0.000000000000000000e+00
84	0.000000000000000000e+00
85	0.000000000000000000e+00
86	0.000000000000000000e+00
87	0.000000000000000000e+00
88	0.000000000000000000e+00
89	0.000000000000000000e+00
90	0.000000000000000000e+00
91	0.000000000000000000e+00
92	0.000000000000000000e+00
93	0.000000000000000000e+00
94	0.000000000000000000e+00
95	0.000000000000000000e+00
96	0.000000000000000000e+00
97	0.000000000000000000e+00
98	0.000000000000000000e+00
99	0.000000000000000000e+00
100	0.000000000000000000e+00
101	0.000000000000000000e+00
102	0.000000000000000000e+00
103	0.000000000000000000e+00
104	0.000000000000000000e+00
105	0.000000000000000000e+00
106	0.000000000000000000e+00
107	0.000000000000000000e+00
108	0.000000000000000000e+00
109	0.000000000000000000e+00
110	0.000000000000000000e+00
111	0.000000000000000000e+00
112	0.000000000000000000e+00
113	0.000000000000000000e+00
114	0.000000000000000000e+00
115	0.000000000000000000e+00
116	0.000000000000000000e+00
117	0.000000000000000000e+00
118	0.000000000000000000e+00
119	0.000000000000000000e+00
120	0.000000000000000000e+00
121	0.000000000000000000e+00
122	0.000000000000000000e+00
123	3.000000000000000000e+00
124	3.000000000000000000e+00
125	0.000000000000000000e+00
126	4.000000000000000000e+01
127	4.000000000000000000e+01
128	0.000000000000000000e+00
129	0.000000000000000000e+00
130	0.000000000000000000e+00
131	0.000000000000000000e+00
132	0.000000000000000000e+00
133	0.000000000000000000e+00
134	0.000000000000000000e+00
135	1.000000000000000000e+00
136	1.000000000000000000e+00
137	0.000000000000000000e+00
138	0.000000000000000000e+00
139	1.000000000000000000e+00
140	1.000000000000000000e+00
141	0.000000000000000000e+00
142	0.000000000000000000e+00
143	1.600000000000000000e+01
144	1.600000000000000000e+01
145	0.000000000000000000e+00
146	0.000000000000000000e+00
147	0.000000000000000000e+00
148	0.000000000000000000e+00
149	2.000000000000000000e+00
150	1.030000000000000000e+02
151	1.010000000000000000e+02
152	0.000000000000000000e+00
153	0.000000000000000000e+00
154	1.010000000000000000e+02
155	1.010000000000000000e+02
156	0.000000000000000000e+00
157	8.400000000000000000e+01
158	8.400000000000000000e+01
159	0.000000000000000000e+00
160	5.500000000000000000e+01
161	5.500000000000000000e+01
162	0.000000000000000000e+00
163	1.000000000000000000e+02
164	1.000000000000000000e+02
165	0.000000000000000000e+00
166	0.000000000000000000e+00
167	0.000000000000000000e+00
168	0.000000000000000000e+00
169	0.000000000000000000e+00
170	8.400000000000000000e+01
171	1.390000000000000000e+02
172	5.500000000000000000e+01
173	0.000000000000000000e+00
174	5.700000000000000000e+01
175	3.600000000000000000e+02
176	4.240000000000000000e+02
177	1.210000000000000000e+02
178	0.000000000000000000e+00
179	1.000000000000000000e+01
180	5.630000000000000000e+02
181	6.580000000000000000e+02
182	1.900000000000000000e+02
183	5.980000000000000000e+02
184	3.580000000000000000e+03
185	1.107300000000000000e+04
186	8.345000000000000000e+03
187	4.610000000000000000e+02
188	2.150000000000000000e+02
189	4.360000000000000000e+02
190	5.740000000000000000e+02
191	2.320000000000000000e+02
192	1.000000000000000000e+00
193	1.000000000000000000e+00
194	3.000000000000000000e+00
195	7.000000000000000000e+00
196	6.770000000000000000e+02
197	6.720000000000000000e+02
198	0.000000000000000000e+00
199	9.500000000000000000e+01
200	9.600000000000000000e+01
201	2.000000000000000000e+00
202	2.260000000000000000e+02
203	3.150000000000000000e+02
204	4.380000000000000000e+02
205	3.480000000000000000e+02
206	1.010000000000000000e+02
207	1.010000000000000000e+02
208	1.000000000000000000e+00
209	3.000000000000000000e+00
210	2.000000000000000000e+00
211	9.500000000000000000e+01
212	1.156000000000000000e+03
213	1.063000000000000000e+03
214	2.000000000000000000e+00
215	3.690000000000000000e+02
216	1.431000000000000000e+03
217	1.347000000000000000e+03
218	2.870000000000000000e+02
219	4.000000000000000000e+00
220	3.000000000000000000e+00
221	1.062000000000000000e+03
222	1.063000000000000000e+03
223	3.000000000000000000e+00
224	1.000000000000000000e+00
225	2.890000000000000000e+02
226	2.890000000000000000e+02
227	2.000000000000000000e+00
228	4.250000000000000000e+02
229	5.080000000000000000e+02
230	8.500000000000000000e+01
231	1.000000000000000000e+00
232	1.000000000000000000e+00
233	1.000000000000000000e+00
234	1.000000000000000000e+00
235	3.000000000000000000e+00
236	3.000000000000000000e+00
237	1.065000000000000000e+03
238	1.389000000000000000e+03
239	3.250000000000000000e+02
240	9.500000000000000000e+01
241	9.400000000000000000e+01
242	1.000000000000000000e+00
243	1.000000000000000000e+00
244	0.000000000000000000e+00
245	2.000000000000000000e+00
246	2.000000000000000000e+00
247	1.248390000000000000e+05
